FC FD 54 0C 02 08 08 08 
08 08 08 08 08 08 08 08 08 FD FE 

FC FD 50 18 04 00 00 00 00 00 00 00 00 
00 00 00 00 00 00 00 00 00 00 00 00 00 00 00 00 FD FE 

FC FD 50 18 05 00 
00 00 00 00 00 00 00 00 00 00 00 00 00 00 00 00 00 00 00 00 00 00 00 FD 
FE 


4E 4F 54 20 57 52 49 54 45 0D 0A 


FC FD 54 0C 03 08 08 08 08 08 08 08 
08 08 08 08 08 FD FE FC FD 50 18 06 00 00 00 00 00 00 00 00 00 00 00 00 
00 00 00 00 00 00 00 00 00 00 00 00 FD FE 

FC FD 50 18 07 00 00 00 00 00 
00 00 00 00 00 00 00 00 00 00 00 00 00 00 00 00 00 00 00 FD FE 4E 4F 54 
20 57 52 49 54 45 0D 0A 


FC FD 54 0C 04 08 08 08 08 08 08 08 08 08 08 08 
08 FD FE 

FC FD 50 18 08 00 00 00 00 00 00 00 00 00 00 00 00 00 00 00 00 
00 00 00 00 00 00 00 00 FD FE 

FC FD 50 18 09 00 00 00 00 00 00 00 00 00 
00 00 00 00 00 00 00 00 00 00 00 00 00 00 00 FD FE 4E 4F 54 20 57 52 49 
54 45 0D 0A 

FC FD 54 0C 05 08 08 08 08 08 08 08 08 08 08 08 08 FD FE 

FC FD 50 18 0A 00 00 00 00 00 00 00 00 00 00 00 00 00 00 00 00 00 00 00 00 
00 00 00 00 FD FE 

FC FD 50 18 0B 00 00 00 00 00 00 00 00 00 00 00 00 00 
00 00 00 00 00 00 00 00 00 00 00 FD FE 4E 4F 54 20 57 52 49 54 45 0D 0A 


FC FD 54 0C 06 08 08 08 08 08 08 08 08 08 08 08 08 FD FE 


FC FD 50 18 0C 00 00 00 00 00 00 00 00 00 00 00 00 00 00 00 00 00 00 00 00 00 00 00 00 
FD FE 

FC FD 50 18 0D 00 00 00 00 00 00 00 00 00 00 00 00 00 00 00 00 00 
00 00 00 00 00 00 00 FD FE 

4E 4F 54 20 57 52 49 54 45 0D 0A FC FD 54 0C 
00 08 08 08 08 08 08 08 08 08 08 08 08 FD FE FC FD 50 18 00 00 00 00 00 
00 00 00 00 00 00 00 00 00 00 00 00 00 00 00 00 00 00 00 00 FD FE 

FC FD 
50 18 01 00 00 00 00 00 00 00 00 00 00 00 00 00 00 00 00 00 00 00 00 00 
00 00 00 FD FE 

4E 4F 54 20 57 52 49 54 45 0D 0A 

FC FD 54 0C 01 08 08 08 
08 08 08 08 08 08 08 08 08 FD FE 

FC FD 50 18 02 00 00 00 00 00 00 00 00 
00 00 00 00 00 00 00 00 00 00 00 00 00 00 00 00 FD FE 



FC FD 50 18 03 00 
00 00 00 00 00 00 00 00 00 00 00 00 00 00 00 00 00 00 00 00 00 00 00 FD 
FE 4E 4F 54 20 57 52 49 54 45 0D 0A FC FD 54 0C 02 08 08 08 08 08 08 08 
08 08 08 08 08 FD FE FC FD 50 18 04 00 00 00 00 00 00 00 00 00 00 00 00 
00 00 00 00 00 00 00 00 00 00 00 00 FD FE FC FD 50 18 05 00 00 00 00 00 
00 00 00 00 00 00 00 00 00 00 00 00 00 00 00 00 00 00 00 FD FE 4E 4F 54 
20 57 52 49 54 45 0D 0A FC FD 54 0C 03 08 08 08 08 08 08 08 08 08 08 08 
08 FD FE FC FD 50 18 06 00 00 00 00 00 00 00 00 00 00 00 00 00 00 00 00 
00 00 00 00 00 00 00 00 FD FE FC FD 50 18 07 00 00 00 00 00 00 00 00 00 
00 00 00 00 00 00 00 00 00 00 00 00 00 00 00 FD FE 4E 4F 54 20 57 52 49 
54 45 0D 0A FC FD 54 0C 04 08 08 08 08 08 08 08 08 08 08 08 08 FD FE FC 
FD 50 18 08 00 00 00 00 00 00 00 00 00 00 00 00 00 00 00 00 00 00 00 00 
00 00 00 00 FD FE FC FD 50 18 09 00 00 00 00 00 00 00 00 00 00 00 00 00 
00 00 00 00 00 00 00 00 00 00 00 FD FE 4E 4F 54 20 57 52 49 54 45 0D 0A 
FC FD 54 0C 05 08 08 08 08 08 08 08 08 08 08 08 08 FD FE FC FD 50 18 0A 
00 00 00 00 00 00 00 00 00 00 00 00 00 00 00 00 00 00 00 00 00 00 00 00 
FD FE FC FD 50 18 0B 00 00 00 00 00 00 00 00 00 00 00 00 00 00 00 00 00 
00 00 00 00 00 00 00 FD FE 4E 4F 54 20 57 52 49 54 45 0D 0A FC FD 54 0C 
06 08 08 08 08 08 08 08 08 08 08 08 08 FD FE FC FD 50 18 0C 00 00 00 00 
00 00 00 00 00 00 00 00 00 00 00 00 00 00 00 00 00 00 00 00 FD FE FC FD 
50 18 0D 00 00 00 00 00 00 00 00 00 00 00 00 00 00 00 00 00 00 00 00 00 
00 00 00 FD FE 4E 4F 54 20 57 52 49 54 45 0D 0A FC FD 54 0C 00 08 08 08 
08 08 08 08 08 08 08 08 08 FD FE         
